1000

19
8
21
64
40
34
59
28
89
7
93
23
13
56
69
69
81
3
39
68
84
96
21
43
44
75
13
69
3
48
31
34
70
23
15
62
20
39
83
92
76
22
93
19
36
82
56
1
14
55
80
68
57
41
71
83
97
85
37
37
76
85
16
61
57
57
77
70
7
22
14
89
16
93
33
9
88
7
31
67
61
52
43
52
28
66
50
89
49
34
62
10
93
87
67
23
45
31
22
87
24
82
74
30
5
41
85
94
91
87
63
90
73
51
87
96
54
23
39
1
88
2
78
80
69
2
9
35
56
4
78
82
21
93
93
62
95
73
30
61
30
70
92
6
96
8
24
11
87
88
57
96
94
88
88
2
77
62
58
75
59
97
41
18
94
65
12
3
14
65
46
43
55
24
66
51
89
49
50
58
26
5
82
92
11
16
89
21
81
23
89
39
7
92
44
21
60
39
99
28
26
94
12
12
30
85
84
13
28
32
74
13
12
70
16
7
7
78
51
60
16
1
99
81
86
48
38
44
10
59
13
30
55
55
9
84
34
57
39
33
61
81
35
95
28
58
24
88
34
75
16
77
78
16
32
22
57
75
75
14
57
25
60
19
25
1
55
18
44
27
43
49
44
3
33
33
19
11
46
23
76
63
24
82
44
23
52
47
53
25
67
89
53
37
26
61
52
47
4
67
15
5
100
79
5
34
41
22
76
39
69
68
9
17
65
3
70
68
91
3
24
70
35
34
29
7
4
78
32
58
51
74
76
6
74
42
72
11
22
35
96
52
7
87
77
57
25
45
47
61
84
18
48
19
74
77
85
23
62
60
17
9
57
72
30
73
100
14
77
25
92
96
98
4
14
80
5
79
83
20
95
39
21
4
68
68
93
53
47
17
91
46
16
52
52
81
30
35
47
39
36
57
80
61
15
60
19
20
59
96
68
76
79
39
48
69
11
7
78
63
96
52
45
84
23
80
79
4
48
52
7
13
97
30
84
85
2
36
97
62
4
96
14
8
91
63
37
42
27
6
19
98
2
6
66
95
99
88
78
78
23
56
39
69
56
60
26
81
8
96
34
86
52
6
67
13
62
60
98
17
14
61
87
31
5
61
55
37
68
40
74
15
3
75
73
1
66
72
54
96
69
88
12
36
64
58
7
66
1
82
9
4
14
47
19
86
8
7
63
48
51
65
34
94
13
89
11
19
93
45
30
71
64
32
28
60
34
85
56
52
91
25
91
74
30
56
73
54
76
6
100
23
38
23
78
72
72
42
86
10
94
92
44
38
93
39
74
2
87
10
4
75
81
32
52
3
34
89
87
9
80
47
88
74
34
52
35
5
86
70
6
18
17
68
87
32
21
43
98
19
56
53
26
47
90
41
28
83
85
65
1
4
57
30
100
77
52
71
79
60
76
97
30
44
99
53
4
15
88
10
99
66
59
95
18
83
79
39
38
71
97
57
21
30
18
87
44
96
18
81
8
50
52
78
16
94
82
24
22
88
89
6
86
19
34
7
69
12
8
5
80
57
1
76
81
45
16
74
67
52
86
8
26
75
74
83
86
14
63
88
33
18
17
45
59
50
39
82
46
93
8
81
12
3
17
98
60
10
59
14
30
55
54
3
91
18
21
10
57
75
23
62
33
31
27
52
34
75
48
91
33
7
39
53
6
32
77
76
75
16
46
49
74
7
48
79
37
88
46
48
85
80
4
77
42
91
16
99
22
42
75
27
23
30
2
22
36
20
97
45
60
64
85
98
16
39
58
7
51
100
12
21
1
80
84
5
77
52
75
50
1
16
66
84
51
65
44
4
52
35
53
82
73
6
89
76
59
83
30
48
74
80
68
17
82
12
13
19
81
96
97
97
93
99
71
29
5
41
26
39
27
33
53
34
62
73
54
12
98
31
23
97
12
41
57
24
80
45
69
38
87
56
17
36
38
25
68
44
65
54
64
95
97
10
21
58
21
54
63
91
60
67
8
11
23
30
60
74
27
100
86
39
81
11
56
99
78
57
28
17
60
96
49
28
18
47
25
40
92
13
76
71
90
56
63
92
7
61
88
63
51
75
30
65
21
14
89
14
24
31
83
12
25
74
90
94
21
63
61
67
78
45
51
5
8
33
67
67
58
11
90
15
75
44
47
32
95
57
37
76
91
3
32
78
12
12
74
60
84
26
77
76
16
83
25
17
25
5
12
69
18
96
66
85
12
62
35
65
73
59
60
63
68
22
97
38
1
92
62
60
89
56
73
13
16
99
12
83
27
82
